target: comt

paperCount: 578

{"2014": [3, 1, 6], "2001": [1, 0, 2], "2016": [8, 4, 9], "2004": [1, 8, 2], "2010": [4, 1, 2], "2018": [5, 4, 1], "2005": [2, 3, 6], "1997": [1, 4, 2], "2020": [2, 4, 1], "2006": [1, 1, 5], "2008": [3, 5, 5], "1973": [9, 4, 0], "2021": [7, 2, 3], "1976": [13, 7, 0], "1974": [7, 5, 0], "1975": [10, 5, 0], "1992": [3, 3, 2], "1982": [7, 4, 2], "1963": [2, 2, 1], "1991": [7, 7, 0], "1990": [3, 4, 0], "1989": [2, 2, 0], "1986": [1, 3, 0], "1972": [7, 3, 1], "1988": [2, 7, 2], "1981": [6, 3, 2], "1985": [3, 3, 0], "1978": [5, 1, 0], "1983": [3, 3, 1], "1971": [4, 7, 2], "2002": [1, 5, 4], "2017": [3, 0, 5], "2019": [3, 0, 4], "2012": [6, 4, 8], "1998": [1, 3, 4], "1977": [2, 5, 1], "1993": [2, 2, 1], "2000": [2, 0, 1], "1970": [1, 5, 0], "2015": [2, 2, 1], "1987": [1, 4, 0], "1995": [1, 5, 1], "2009": [1, 2, 1], "2013": [1, 4, 5], "2011": [1, 3, 5], "1909": [0, 1, 0], "1920": [0, 1, 1], "1960": [0, 2, 0], "1961": [0, 1, 0], "1962": [0, 2, 1], "1964": [0, 2, 1], "1965": [0, 1, 2], "1966": [0, 3, 0], "1967": [0, 11, 1], "1968": [0, 8, 0], "1969": [0, 7, 1], "1979": [0, 1, 0], "1980": [0, 3, 1], "1984": [0, 2, 0], "1994": [0, 3, 1], "1996": [0, 4, 0], "1999": [0, 6, 3], "2003": [0, 5, 8], "2007": [0, 2, 3], "1813": [0, 0, 1], "1814": [0, 0, 2], "1815": [0, 0, 1], "1826": [0, 0, 1], "1830": [0, 0, 2], "1840": [0, 0, 1], "1841": [0, 0, 1], "1842": [0, 0, 1], "1852": [0, 0, 1], "1857": [0, 0, 1], "1866": [0, 0, 3], "1867": [0, 0, 1], "1869": [0, 0, 1], "1872": [0, 0, 1], "1874": [0, 0, 1], "1880": [0, 0, 2], "1881": [0, 0, 1], "1882": [0, 0, 3], "1883": [0, 0, 2], "1884": [0, 0, 6], "1885": [0, 0, 1], "1888": [0, 0, 1], "1891": [0, 0, 1], "1895": [0, 0, 3], "1898": [0, 0, 5], "1900": [0, 0, 2], "1901": [0, 0, 1], "1903": [0, 0, 1], "1906": [0, 0, 3], "1907": [0, 0, 1], "1913": [0, 0, 4], "1914": [0, 0, 1], "1917": [0, 0, 2], "1918": [0, 0, 1], "1919": [0, 0, 2], "1922": [0, 0, 1], "1923": [0, 0, 1], "1924": [0, 0, 2], "1927": [0, 0, 2], "1928": [0, 0, 1], "1929": [0, 0, 1], "1931": [0, 0, 2], "1946": [0, 0, 1], "1950": [0, 0, 1], "1955": [0, 0, 1], "1956": [0, 0, 2], "1958": [0, 0, 1]}

target: mme

paperCount: 1826

{"2008": [39, 3, 4], "2005": [44, 4, 3], "2009": [39, 3, 3], "1972": [5, 2, 0], "2007": [31, 1, 2], "2002": [31, 1, 2], "2018": [69, 1, 4], "2021": [52, 0, 3], "2012": [51, 4, 3], "2020": [72, 1, 10], "2006": [34, 2, 2], "2019": [66, 0, 10], "2013": [54, 0, 1], "1965": [2, 1, 1], "1997": [10, 4, 0], "1996": [20, 3, 0], "2011": [29, 2, 0], "1992": [11, 0, 8], "2016": [42, 4, 7], "1963": [1, 1, 2], "1994": [5, 3, 2], "1982": [2, 1, 1], "2010": [43, 3, 0], "1973": [2, 3, 0], "1993": [3, 1, 5], "2015": [45, 0, 8], "1985": [2, 1, 2], "1967": [1, 1, 0], "1995": [10, 0, 3], "1966": [2, 4, 2], "1988": [1, 4, 0], "2003": [23, 0, 3], "1974": [2, 3, 2], "2014": [40, 0, 2], "2017": [46, 2, 3], "2001": [24, 1, 3], "1990": [3, 2, 2], "2004": [23, 1, 3], "1991": [3, 2, 2], "1998": [28, 0, 0], "1999": [19, 1, 1], "1984": [1, 2, 5], "1987": [1, 1, 0], "1986": [2, 1, 1], "2000": [19, 1, 2], "1968": [3, 3, 2], "1961": [1, 0, 0], "1911": [0, 1, 8], "1922": [0, 2, 14], "1926": [0, 2, 6], "1936": [0, 1, 9], "1942": [0, 1, 6], "1946": [0, 1, 1], "1957": [0, 1, 5], "1959": [0, 3, 0], "1962": [0, 4, 2], "1964": [0, 2, 1], "1969": [0, 3, 0], "1970": [0, 4, 1], "1975": [0, 3, 0], "1977": [0, 2, 0], "1980": [0, 4, 0], "1989": [0, 2, 3], "1819": [0, 0, 1], "1826": [0, 0, 2], "1827": [0, 0, 1], "1828": [0, 0, 1], "1829": [0, 0, 2], "1830": [0, 0, 2], "1831": [0, 0, 3], "1834": [0, 0, 1], "1836": [0, 0, 1], "1839": [0, 0, 1], "1840": [0, 0, 1], "1841": [0, 0, 1], "1842": [0, 0, 2], "1844": [0, 0, 2], "1846": [0, 0, 1], "1853": [0, 0, 2], "1854": [0, 0, 1], "1856": [0, 0, 1], "1857": [0, 0, 1], "1858": [0, 0, 1], "1861": [0, 0, 1], "1862": [0, 0, 1], "1864": [0, 0, 1], "1870": [0, 0, 1], "1871": [0, 0, 1], "1872": [0, 0, 1], "1873": [0, 0, 1], "1874": [0, 0, 1], "1876": [0, 0, 2], "1877": [0, 0, 1], "1878": [0, 0, 3], "1880": [0, 0, 3], "1881": [0, 0, 1], "1882": [0, 0, 2], "1883": [0, 0, 3], "1884": [0, 0, 5], "1885": [0, 0, 2], "1886": [0, 0, 1], "1887": [0, 0, 6], "1888": [0, 0, 5], "1889": [0, 0, 4], "1890": [0, 0, 4], "1891": [0, 0, 5], "1892": [0, 0, 9], "1893": [0, 0, 1], "1894": [0, 0, 1], "1895": [0, 0, 8], "1896": [0, 0, 4], "1897": [0, 0, 6], "1899": [0, 0, 2], "1900": [0, 0, 1], "1902": [0, 0, 1], "1903": [0, 0, 1], "1904": [0, 0, 6], "1905": [0, 0, 9], "1906": [0, 0, 3], "1907": [0, 0, 2], "1908": [0, 0, 9], "1909": [0, 0, 5], "1910": [0, 0, 9], "1912": [0, 0, 8], "1913": [0, 0, 8], "1914": [0, 0, 15], "1915": [0, 0, 8], "1916": [0, 0, 11], "1917": [0, 0, 4], "1918": [0, 0, 12], "1919": [0, 0, 14], "1920": [0, 0, 11], "1921": [0, 0, 13], "1923": [0, 0, 7], "1924": [0, 0, 18], "1925": [0, 0, 20], "1927": [0, 0, 7], "1928": [0, 0, 9], "1929": [0, 0, 13], "1930": [0, 0, 15], "1931": [0, 0, 11], "1932": [0, 0, 2], "1933": [0, 0, 6], "1934": [0, 0, 6], "1935": [0, 0, 8], "1937": [0, 0, 23], "1938": [0, 0, 16], "1939": [0, 0, 1], "1940": [0, 0, 3], "1941": [0, 0, 5], "1943": [0, 0, 3], "1944": [0, 0, 1], "1947": [0, 0, 2], "1948": [0, 0, 3], "1949": [0, 0, 2], "1951": [0, 0, 3], "1952": [0, 0, 1], "1953": [0, 0, 2], "1954": [0, 0, 5], "1955": [0, 0, 2], "1956": [0, 0, 3], "1958": [0, 0, 2], "1960": [0, 0, 3], "1971": [0, 0, 1], "1976": [0, 0, 4], "1978": [0, 0, 4], "1979": [0, 0, 2], "1981": [0, 0, 4]}

target: sert

paperCount: 730

{"2006": [10, 10, 4], "2002": [10, 6, 2], "2014": [5, 6, 0], "2013": [7, 7, 0], "2005": [13, 11, 0], "2010": [14, 9, 2], "2011": [13, 11, 2], "2008": [13, 16, 0], "2007": [7, 9, 0], "2003": [11, 7, 2], "2001": [7, 7, 0], "2000": [8, 4, 0], "2004": [10, 13, 1], "1997": [5, 3, 1], "1998": [3, 3, 3], "2017": [8, 7, 2], "2016": [7, 10, 4], "2019": [9, 5, 5], "1999": [4, 6, 0], "2012": [10, 7, 0], "2015": [6, 3, 1], "2021": [11, 3, 2], "2018": [10, 5, 2], "2020": [6, 8, 0], "2009": [10, 8, 0], "1996": [1, 0, 1], "1912": [0, 1, 1], "1914": [0, 1, 0], "1926": [0, 1, 1], "1949": [0, 1, 0], "1950": [0, 1, 0], "1954": [0, 1, 0], "1955": [0, 1, 0], "1962": [0, 1, 0], "1966": [0, 2, 0], "1969": [0, 1, 0], "1970": [0, 2, 1], "1972": [0, 3, 0], "1974": [0, 1, 0], "1975": [0, 1, 0], "1985": [0, 1, 0], "1987": [0, 1, 0], "1988": [0, 1, 0], "1989": [0, 3, 0], "1990": [0, 1, 0], "1992": [0, 3, 0], "1993": [0, 2, 0], "1994": [0, 2, 0], "1995": [0, 3, 1], "1813": [0, 0, 2], "1815": [0, 0, 1], "1824": [0, 0, 10], "1825": [0, 0, 6], "1826": [0, 0, 6], "1827": [0, 0, 4], "1828": [0, 0, 9], "1829": [0, 0, 13], "1830": [0, 0, 8], "1831": [0, 0, 7], "1832": [0, 0, 6], "1833": [0, 0, 5], "1834": [0, 0, 4], "1835": [0, 0, 4], "1836": [0, 0, 2], "1837": [0, 0, 3], "1838": [0, 0, 8], "1839": [0, 0, 5], "1840": [0, 0, 9], "1841": [0, 0, 4], "1842": [0, 0, 9], "1843": [0, 0, 5], "1844": [0, 0, 1], "1845": [0, 0, 4], "1846": [0, 0, 1], "1848": [0, 0, 3], "1849": [0, 0, 5], "1851": [0, 0, 4], "1852": [0, 0, 1], "1854": [0, 0, 1], "1855": [0, 0, 4], "1856": [0, 0, 3], "1858": [0, 0, 1], "1859": [0, 0, 1], "1861": [0, 0, 1], "1862": [0, 0, 2], "1863": [0, 0, 1], "1864": [0, 0, 1], "1865": [0, 0, 2], "1866": [0, 0, 1], "1867": [0, 0, 2], "1868": [0, 0, 2], "1869": [0, 0, 7], "1870": [0, 0, 2], "1871": [0, 0, 1], "1872": [0, 0, 4], "1873": [0, 0, 1], "1876": [0, 0, 1], "1877": [0, 0, 1], "1878": [0, 0, 3], "1879": [0, 0, 1], "1880": [0, 0, 1], "1882": [0, 0, 1], "1883": [0, 0, 3], "1888": [0, 0, 1], "1890": [0, 0, 1], "1891": [0, 0, 1], "1893": [0, 0, 2], "1894": [0, 0, 1], "1895": [0, 0, 1], "1896": [0, 0, 1], "1898": [0, 0, 1], "1899": [0, 0, 1], "1900": [0, 0, 1], "1901": [0, 0, 1], "1902": [0, 0, 1], "1903": [0, 0, 3], "1904": [0, 0, 1], "1905": [0, 0, 2], "1906": [0, 0, 3], "1907": [0, 0, 4], "1908": [0, 0, 1], "1909": [0, 0, 1], "1910": [0, 0, 2], "1911": [0, 0, 1], "1913": [0, 0, 2], "1915": [0, 0, 1], "1917": [0, 0, 1], "1918": [0, 0, 3], "1919": [0, 0, 1], "1920": [0, 0, 1], "1925": [0, 0, 1], "1928": [0, 0, 3], "1929": [0, 0, 1], "1934": [0, 0, 2], "1938": [0, 0, 1], "1944": [0, 0, 1], "1957": [0, 0, 1], "1958": [0, 0, 1], "1964": [0, 0, 1], "1971": [0, 0, 1], "1977": [0, 0, 1], "1978": [0, 0, 1], "1979": [0, 0, 2], "1991": [0, 0, 1]}

target: sndr

paperCount: 834

{"1982": [0, 1, 10], "1824": [0, 0, 3], "1825": [0, 0, 1], "1826": [0, 0, 1], "1835": [0, 0, 1], "1843": [0, 0, 1], "1851": [0, 0, 3], "1854": [0, 0, 2], "1856": [0, 0, 7], "1857": [0, 0, 1], "1864": [0, 0, 1], "1865": [0, 0, 1], "1867": [0, 0, 1], "1869": [0, 0, 2], "1871": [0, 0, 2], "1873": [0, 0, 2], "1874": [0, 0, 2], "1877": [0, 0, 2], "1878": [0, 0, 1], "1879": [0, 0, 6], "1880": [0, 0, 3], "1881": [0, 0, 20], "1882": [0, 0, 2], "1884": [0, 0, 3], "1886": [0, 0, 3], "1889": [0, 0, 1], "1891": [0, 0, 2], "1892": [0, 0, 2], "1894": [0, 0, 1], "1898": [0, 0, 1], "1900": [0, 0, 12], "1901": [0, 0, 2], "1902": [0, 0, 9], "1903": [0, 0, 11], "1906": [0, 0, 8], "1907": [0, 0, 3], "1909": [0, 0, 9], "1910": [0, 0, 4], "1911": [0, 0, 8], "1912": [0, 0, 19], "1913": [0, 0, 10], "1914": [0, 0, 1], "1917": [0, 0, 1], "1918": [0, 0, 1], "1919": [0, 0, 1], "1920": [0, 0, 3], "1921": [0, 0, 8], "1922": [0, 0, 1], "1924": [0, 0, 4], "1925": [0, 0, 2], "1926": [0, 0, 1], "1927": [0, 0, 5], "1928": [0, 0, 16], "1929": [0, 0, 19], "1930": [0, 0, 11], "1931": [0, 0, 7], "1932": [0, 0, 7], "1933": [0, 0, 13], "1934": [0, 0, 6], "1935": [0, 0, 14], "1936": [0, 0, 7], "1937": [0, 0, 6], "1938": [0, 0, 16], "1939": [0, 0, 10], "1940": [0, 0, 12], "1941": [0, 0, 9], "1942": [0, 0, 7], "1943": [0, 0, 6], "1944": [0, 0, 9], "1945": [0, 0, 1], "1946": [0, 0, 4], "1947": [0, 0, 9], "1948": [0, 0, 9], "1949": [0, 0, 6], "1950": [0, 0, 8], "1951": [0, 0, 3], "1952": [0, 0, 4], "1953": [0, 0, 3], "1955": [0, 0, 1], "1956": [0, 0, 1], "1957": [0, 0, 1], "1958": [0, 0, 2], "1959": [0, 0, 2], "1960": [0, 0, 3], "1961": [0, 0, 7], "1962": [0, 0, 3], "1963": [0, 0, 3], "1964": [0, 0, 4], "1965": [0, 0, 5], "1966": [0, 0, 16], "1967": [0, 0, 11], "1968": [0, 0, 14], "1969": [0, 0, 38], "1970": [0, 0, 20], "1971": [0, 0, 8], "1972": [0, 0, 10], "1973": [0, 0, 5], "1974": [0, 0, 10], "1975": [0, 0, 3], "1976": [0, 0, 8], "1977": [0, 0, 4], "1978": [0, 0, 7], "1979": [0, 0, 7], "1980": [0, 0, 9], "1981": [0, 0, 11], "1983": [0, 0, 8], "1984": [0, 0, 8], "1985": [0, 0, 8], "1986": [0, 0, 8], "1987": [0, 0, 6], "1988": [0, 0, 7], "1989": [0, 0, 8], "1990": [0, 0, 9], "1991": [0, 0, 7], "1992": [0, 0, 4], "1993": [0, 0, 3], "1995": [0, 0, 4], "1996": [0, 0, 1], "1997": [0, 0, 2], "1998": [0, 0, 6], "1999": [0, 0, 6], "2000": [0, 0, 2], "2001": [0, 0, 2], "2002": [0, 0, 3], "2003": [0, 0, 5], "2004": [0, 0, 6], "2005": [0, 0, 8], "2006": [0, 0, 3], "2007": [0, 0, 3], "2008": [0, 0, 1], "2009": [0, 0, 4], "2010": [0, 0, 3], "2011": [0, 0, 5], "2012": [0, 0, 6], "2013": [0, 0, 1], "2014": [0, 0, 5], "2015": [0, 0, 7], "2016": [0, 0, 4], "2017": [0, 0, 9], "2018": [0, 0, 2], "2019": [0, 0, 5], "2020": [0, 0, 5], "2021": [0, 0, 3]}

target: dat

paperCount: 1932

{"2017": [14, 8, 20], "1998": [14, 15, 15], "2003": [15, 16, 15], "2000": [15, 6, 15], "2002": [16, 17, 30], "2014": [14, 10, 20], "2006": [19, 12, 7], "2004": [17, 20, 13], "2019": [22, 9, 25], "2016": [15, 13, 14], "2008": [19, 12, 26], "2001": [9, 18, 15], "1996": [11, 12, 5], "2005": [23, 15, 4], "1997": [18, 11, 3], "1999": [11, 16, 13], "2007": [12, 15, 7], "2011": [21, 16, 16], "2010": [17, 14, 20], "2012": [18, 13, 6], "2013": [13, 9, 20], "2015": [8, 10, 18], "2018": [20, 12, 15], "2009": [9, 16, 29], "1977": [6, 0, 1], "1984": [6, 7, 6], "1983": [5, 7, 11], "1988": [5, 5, 2], "1986": [10, 5, 7], "1987": [8, 8, 3], "1976": [7, 2, 5], "1985": [3, 7, 4], "1994": [4, 4, 11], "2021": [11, 3, 16], "2020": [24, 7, 21], "1990": [2, 8, 6], "1973": [2, 12, 0], "1981": [2, 2, 15], "1995": [4, 8, 5], "1966": [3, 2, 0], "1993": [2, 7, 2], "1980": [2, 2, 10], "1962": [2, 1, 1], "1982": [1, 0, 13], "1965": [4, 5, 0], "1972": [3, 8, 0], "1968": [2, 3, 1], "1991": [3, 2, 2], "1992": [5, 7, 6], "1970": [1, 2, 1], "1979": [2, 1, 4], "1967": [1, 1, 2], "1971": [2, 3, 2], "1989": [1, 3, 8], "1978": [1, 0, 1], "1913": [0, 1, 0], "1916": [0, 1, 2], "1920": [0, 2, 0], "1921": [0, 3, 3], "1922": [0, 1, 3], "1923": [0, 2, 0], "1924": [0, 2, 2], "1925": [0, 1, 0], "1926": [0, 5, 1], "1927": [0, 1, 1], "1928": [0, 1, 0], "1931": [0, 1, 2], "1932": [0, 1, 13], "1934": [0, 2, 4], "1937": [0, 2, 3], "1938": [0, 1, 0], "1939": [0, 1, 4], "1940": [0, 3, 1], "1943": [0, 2, 1], "1945": [0, 2, 2], "1946": [0, 3, 1], "1947": [0, 1, 0], "1948": [0, 2, 2], "1949": [0, 3, 3], "1950": [0, 4, 1], "1951": [0, 2, 0], "1952": [0, 5, 1], "1953": [0, 9, 3], "1954": [0, 4, 1], "1955": [0, 2, 0], "1956": [0, 1, 2], "1957": [0, 2, 0], "1959": [0, 1, 0], "1960": [0, 4, 0], "1961": [0, 2, 1], "1963": [0, 3, 1], "1964": [0, 4, 1], "1969": [0, 1, 0], "1974": [0, 6, 0], "1975": [0, 4, 1], "1823": [0, 0, 1], "1824": [0, 0, 3], "1825": [0, 0, 2], "1826": [0, 0, 1], "1827": [0, 0, 1], "1828": [0, 0, 2], "1829": [0, 0, 4], "1830": [0, 0, 4], "1831": [0, 0, 2], "1834": [0, 0, 3], "1835": [0, 0, 3], "1836": [0, 0, 1], "1838": [0, 0, 2], "1839": [0, 0, 1], "1842": [0, 0, 4], "1843": [0, 0, 2], "1844": [0, 0, 1], "1845": [0, 0, 1], "1846": [0, 0, 2], "1847": [0, 0, 4], "1848": [0, 0, 1], "1849": [0, 0, 2], "1850": [0, 0, 3], "1851": [0, 0, 6], "1852": [0, 0, 3], "1853": [0, 0, 4], "1854": [0, 0, 2], "1855": [0, 0, 1], "1856": [0, 0, 3], "1857": [0, 0, 1], "1858": [0, 0, 2], "1859": [0, 0, 1], "1860": [0, 0, 2], "1861": [0, 0, 5], "1862": [0, 0, 4], "1863": [0, 0, 2], "1864": [0, 0, 1], "1865": [0, 0, 2], "1866": [0, 0, 2], "1867": [0, 0, 1], "1868": [0, 0, 2], "1869": [0, 0, 5], "1870": [0, 0, 3], "1871": [0, 0, 2], "1872": [0, 0, 1], "1873": [0, 0, 2], "1874": [0, 0, 1], "1875": [0, 0, 3], "1876": [0, 0, 3], "1877": [0, 0, 4], "1878": [0, 0, 3], "1879": [0, 0, 1], "1880": [0, 0, 3], "1881": [0, 0, 6], "1882": [0, 0, 3], "1883": [0, 0, 6], "1884": [0, 0, 2], "1885": [0, 0, 3], "1886": [0, 0, 5], "1887": [0, 0, 2], "1888": [0, 0, 2], "1889": [0, 0, 3], "1890": [0, 0, 7], "1891": [0, 0, 1], "1892": [0, 0, 9], "1893": [0, 0, 3], "1894": [0, 0, 8], "1895": [0, 0, 4], "1896": [0, 0, 2], "1897": [0, 0, 7], "1898": [0, 0, 3], "1899": [0, 0, 2], "1900": [0, 0, 6], "1901": [0, 0, 1], "1902": [0, 0, 6], "1903": [0, 0, 3], "1904": [0, 0, 9], "1905": [0, 0, 10], "1906": [0, 0, 3], "1908": [0, 0, 5], "1909": [0, 0, 1], "1910": [0, 0, 2], "1912": [0, 0, 8], "1914": [0, 0, 4], "1917": [0, 0, 4], "1918": [0, 0, 1], "1929": [0, 0, 1], "1930": [0, 0, 7], "1933": [0, 0, 1], "1935": [0, 0, 3], "1936": [0, 0, 3], "1941": [0, 0, 2], "1942": [0, 0, 1], "1944": [0, 0, 1], "1958": [0, 0, 1]}

target: ddc

paperCount: 833

{"2000": [10, 4, 2], "1990": [12, 0, 4], "2007": [17, 3, 0], "1997": [19, 6, 2], "2005": [16, 2, 3], "1998": [17, 3, 9], "1994": [19, 7, 2], "1993": [11, 3, 6], "1992": [20, 2, 4], "1975": [5, 2, 0], "2004": [19, 3, 3], "1987": [3, 0, 1], "2009": [21, 0, 1], "2006": [7, 1, 2], "1996": [25, 6, 3], "2010": [13, 4, 0], "1991": [14, 0, 4], "1995": [16, 3, 6], "2018": [23, 6, 1], "1982": [9, 0, 0], "2011": [16, 4, 1], "2003": [13, 3, 2], "2013": [21, 1, 2], "2017": [16, 1, 3], "2019": [20, 0, 1], "1986": [5, 2, 1], "2015": [18, 2, 3], "2002": [10, 1, 1], "2020": [31, 0, 0], "1962": [1, 1, 0], "2021": [15, 1, 1], "2008": [20, 1, 0], "1977": [4, 2, 0], "1999": [11, 13, 4], "1974": [4, 3, 0], "1973": [5, 1, 0], "1979": [6, 1, 0], "1983": [3, 2, 1], "1989": [3, 0, 4], "2012": [21, 1, 0], "1969": [3, 1, 0], "2016": [14, 0, 4], "1988": [5, 1, 3], "1970": [2, 3, 0], "2001": [13, 6, 0], "1980": [5, 3, 1], "1984": [3, 1, 0], "1971": [5, 0, 0], "1981": [3, 1, 2], "1976": [6, 1, 0], "1963": [1, 0, 0], "1972": [2, 1, 0], "1967": [1, 2, 0], "1978": [2, 0, 0], "2014": [15, 4, 3], "1955": [0, 1, 0], "1836": [0, 0, 1], "1895": [0, 0, 1], "1897": [0, 0, 1], "1912": [0, 0, 1]}

target: dbh

paperCount: 233

{"2006": [2, 0, 2], "1997": [1, 0, 0], "1986": [8, 1, 0], "1990": [3, 1, 1], "1984": [2, 1, 0], "1987": [5, 1, 4], "1988": [4, 3, 1], "1975": [3, 7, 0], "1995": [1, 1, 0], "1973": [2, 1, 1], "1991": [6, 3, 1], "2014": [3, 1, 0], "2019": [1, 0, 0], "1994": [1, 0, 0], "2004": [2, 0, 1], "1989": [2, 4, 0], "2013": [3, 2, 0], "1977": [3, 7, 0], "1996": [5, 1, 0], "1970": [2, 1, 0], "1972": [2, 3, 0], "1982": [1, 7, 0], "1983": [1, 2, 0], "2010": [3, 1, 0], "2001": [1, 3, 0], "1992": [1, 2, 1], "2005": [2, 2, 1], "2002": [2, 2, 1], "2008": [3, 0, 0], "2020": [3, 0, 3], "1999": [1, 1, 1], "2017": [1, 2, 2], "1998": [1, 2, 0], "2009": [2, 2, 1], "2011": [2, 2, 2], "2007": [1, 0, 0], "2016": [2, 2, 0], "2021": [1, 0, 0], "1993": [1, 0, 0], "2018": [1, 0, 3], "2015": [1, 0, 1], "1969": [0, 1, 0], "1971": [0, 2, 1], "1974": [0, 8, 0], "1976": [0, 8, 0], "1978": [0, 5, 0], "1979": [0, 8, 1], "1980": [0, 5, 0], "1981": [0, 1, 2], "2000": [0, 2, 0], "2003": [0, 2, 0]}

target: ache

paperCount: 13709

{"2021": [15, 16, 87], "2002": [8, 51, 69], "2001": [9, 43, 67], "2015": [13, 25, 51], "2016": [12, 22, 80], "1991": [7, 77, 28], "2003": [12, 48, 93], "2005": [17, 53, 51], "2008": [22, 38, 55], "2007": [12, 46, 57], "2004": [15, 47, 61], "2000": [5, 49, 62], "1998": [8, 76, 70], "1999": [7, 47, 61], "2011": [8, 37, 23], "2009": [13, 43, 67], "2010": [17, 53, 56], "1996": [7, 93, 23], "2018": [13, 25, 59], "1997": [5, 84, 23], "2012": [13, 33, 39], "2014": [12, 27, 74], "2020": [12, 18, 94], "2013": [9, 27, 77], "2006": [11, 62, 58], "2019": [15, 23, 87], "2017": [11, 7, 53], "1985": [4, 43, 27], "1983": [2, 36, 30], "1974": [8, 30, 28], "1995": [9, 77, 19], "1984": [7, 34, 29], "1986": [5, 50, 28], "1989": [4, 65, 17], "1992": [9, 57, 23], "1964": [8, 21, 55], "1990": [5, 95, 23], "1976": [4, 22, 46], "1981": [4, 29, 29], "1988": [9, 73, 27], "1972": [8, 28, 36], "1994": [5, 68, 19], "1975": [7, 24, 38], "1973": [11, 21, 28], "1993": [5, 82, 20], "1979": [4, 23, 50], "1969": [4, 27, 30], "1968": [6, 28, 28], "1971": [25, 18, 25], "1970": [9, 27, 40], "1967": [2, 26, 45], "1965": [1, 21, 56], "1963": [2, 27, 55], "1987": [1, 60, 26], "1961": [1, 11, 78], "1912": [0, 2, 80], "1914": [0, 1, 54], "1915": [0, 1, 43], "1918": [0, 2, 56], "1920": [0, 1, 67], "1921": [0, 2, 43], "1926": [0, 2, 82], "1929": [0, 1, 93], "1930": [0, 1, 85], "1933": [0, 1, 98], "1934": [0, 1, 80], "1935": [0, 1, 89], "1937": [0, 1, 90], "1938": [0, 1, 96], "1939": [0, 1, 88], "1940": [0, 1, 92], "1941": [0, 2, 81], "1942": [0, 2, 75], "1943": [0, 1, 67], "1944": [0, 2, 64], "1946": [0, 1, 78], "1947": [0, 1, 81], "1948": [0, 5, 59], "1949": [0, 5, 84], "1950": [0, 7, 76], "1951": [0, 7, 91], "1952": [0, 12, 86], "1953": [0, 11, 81], "1954": [0, 10, 100], "1955": [0, 9, 85], "1956": [0, 13, 90], "1957": [0, 15, 70], "1958": [0, 18, 67], "1959": [0, 4, 88], "1960": [0, 23, 77], "1962": [0, 30, 62], "1966": [0, 31, 46], "1977": [0, 26, 29], "1978": [0, 28, 51], "1980": [0, 36, 31], "1982": [0, 47, 26], "1812": [0, 0, 4], "1813": [0, 0, 2], "1814": [0, 0, 1], "1815": [0, 0, 5], "1816": [0, 0, 2], "1817": [0, 0, 1], "1818": [0, 0, 1], "1819": [0, 0, 2], "1820": [0, 0, 7], "1821": [0, 0, 3], "1823": [0, 0, 17], "1824": [0, 0, 30], "1825": [0, 0, 40], "1826": [0, 0, 48], "1827": [0, 0, 36], "1828": [0, 0, 20], "1829": [0, 0, 25], "1830": [0, 0, 17], "1831": [0, 0, 16], "1832": [0, 0, 14], "1833": [0, 0, 21], "1834": [0, 0, 11], "1835": [0, 0, 25], "1836": [0, 0, 30], "1837": [0, 0, 16], "1838": [0, 0, 19], "1839": [0, 0, 28], "1840": [0, 0, 22], "1841": [0, 0, 17], "1842": [0, 0, 19], "1843": [0, 0, 21], "1844": [0, 0, 28], "1845": [0, 0, 30], "1846": [0, 0, 34], "1847": [0, 0, 19], "1848": [0, 0, 18], "1849": [0, 0, 24], "1850": [0, 0, 33], "1851": [0, 0, 49], "1852": [0, 0, 28], "1853": [0, 0, 31], "1854": [0, 0, 45], "1855": [0, 0, 25], "1856": [0, 0, 33], "1857": [0, 0, 36], "1858": [0, 0, 29], "1859": [0, 0, 25], "1860": [0, 0, 29], "1861": [0, 0, 33], "1862": [0, 0, 28], "1863": [0, 0, 32], "1864": [0, 0, 19], "1865": [0, 0, 28], "1866": [0, 0, 30], "1867": [0, 0, 21], "1868": [0, 0, 35], "1869": [0, 0, 39], "1870": [0, 0, 31], "1871": [0, 0, 30], "1872": [0, 0, 47], "1873": [0, 0, 41], "1874": [0, 0, 42], "1875": [0, 0, 41], "1876": [0, 0, 46], "1877": [0, 0, 40], "1878": [0, 0, 51], "1879": [0, 0, 50], "1880": [0, 0, 56], "1881": [0, 0, 60], "1882": [0, 0, 67], "1883": [0, 0, 64], "1884": [0, 0, 52], "1885": [0, 0, 68], "1886": [0, 0, 68], "1887": [0, 0, 69], "1888": [0, 0, 73], "1889": [0, 0, 69], "1890": [0, 0, 85], "1891": [0, 0, 75], "1892": [0, 0, 71], "1893": [0, 0, 87], "1894": [0, 0, 62], "1895": [0, 0, 84], "1896": [0, 0, 56], "1897": [0, 0, 70], "1898": [0, 0, 66], "1899": [0, 0, 64], "1900": [0, 0, 67], "1901": [0, 0, 70], "1902": [0, 0, 65], "1903": [0, 0, 69], "1904": [0, 0, 81], "1905": [0, 0, 70], "1906": [0, 0, 54], "1907": [0, 0, 109], "1908": [0, 0, 88], "1909": [0, 0, 71], "1910": [0, 0, 77], "1911": [0, 0, 84], "1913": [0, 0, 57], "1916": [0, 0, 63], "1917": [0, 0, 50], "1919": [0, 0, 61], "1922": [0, 0, 46], "1923": [0, 0, 79], "1924": [0, 0, 75], "1925": [0, 0, 68], "1927": [0, 0, 68], "1928": [0, 0, 106], "1931": [0, 0, 92], "1932": [0, 0, 65], "1936": [0, 0, 121], "1945": [0, 0, 70]}

target: chrm

paperCount: 61

{"2004": [1, 0, 0], "1993": [1, 0, 0], "1969": [9, 0, 0], "1967": [16, 0, 0], "1963": [6, 0, 0], "1964": [4, 0, 0], "1966": [2, 0, 0], "1970": [5, 0, 0], "1968": [3, 0, 0], "1965": [1, 0, 0], "1962": [3, 0, 0], "2018": [1, 2, 0], "1991": [1, 0, 0], "2002": [0, 1, 0], "2003": [0, 1, 0], "2010": [0, 1, 0], "2019": [0, 1, 0], "1921": [0, 0, 1], "1994": [0, 0, 1]}

target: bche

paperCount: 154

{"2014": [5, 1, 0], "2012": [4, 3, 0], "2021": [3, 0, 0], "2020": [5, 0, 0], "2004": [7, 1, 0], "2002": [3, 2, 0], "2017": [2, 0, 0], "2007": [7, 3, 1], "2011": [5, 3, 0], "2008": [8, 2, 0], "2018": [2, 2, 2], "2019": [3, 0, 0], "2016": [3, 2, 0], "2001": [2, 1, 0], "1998": [2, 1, 2], "2006": [3, 1, 0], "2005": [4, 0, 0], "2003": [2, 1, 0], "2000": [2, 1, 0], "1999": [4, 0, 0], "2010": [6, 1, 1], "2015": [7, 0, 3], "1997": [2, 1, 0], "2009": [6, 2, 0], "1984": [3, 0, 1], "1973": [1, 1, 0], "1992": [3, 0, 0], "1990": [1, 0, 0], "1989": [0, 1, 0], "1995": [0, 1, 0], "1996": [0, 1, 0], "2013": [0, 2, 0], "1934": [0, 0, 3], "1938": [0, 0, 1], "1979": [0, 0, 1]}

target: chr

paperCount: 1629

{"2010": [4, 2, 28], "2018": [13, 3, 29], "2008": [11, 2, 8], "2013": [5, 0, 25], "2019": [17, 1, 27], "2009": [6, 2, 12], "2014": [9, 0, 36], "2021": [13, 1, 14], "2015": [4, 1, 21], "2003": [5, 2, 19], "2016": [7, 3, 19], "2004": [5, 3, 14], "1999": [2, 2, 16], "2000": [6, 1, 13], "1997": [2, 5, 8], "1994": [27, 11, 12], "1993": [30, 4, 7], "1972": [6, 0, 4], "1990": [7, 9, 10], "1968": [7, 2, 3], "1973": [11, 1, 5], "1971": [7, 0, 3], "1987": [6, 7, 6], "1969": [16, 2, 3], "1964": [7, 2, 6], "1983": [2, 1, 4], "1989": [2, 7, 10], "2011": [9, 2, 26], "1975": [3, 1, 1], "1992": [10, 8, 12], "2001": [4, 4, 16], "1970": [9, 4, 3], "1966": [9, 0, 4], "1963": [10, 1, 4], "1962": [4, 2, 4], "1974": [3, 2, 5], "1961": [1, 1, 7], "1976": [3, 0, 10], "1967": [4, 4, 4], "1984": [3, 5, 7], "1977": [4, 2, 5], "1979": [3, 3, 7], "1988": [2, 7, 8], "1995": [3, 9, 10], "1965": [5, 1, 6], "1980": [2, 1, 0], "1991": [4, 9, 16], "1986": [2, 5, 9], "1985": [2, 6, 9], "1978": [1, 1, 1], "2020": [16, 1, 20], "2005": [6, 1, 22], "2002": [3, 4, 15], "1996": [1, 4, 11], "2006": [5, 6, 16], "2017": [8, 1, 26], "2012": [1, 0, 25], "2007": [1, 3, 20], "1910": [0, 1, 3], "1918": [0, 1, 2], "1925": [0, 1, 5], "1926": [0, 1, 8], "1929": [0, 1, 3], "1932": [0, 2, 0], "1933": [0, 1, 23], "1934": [0, 1, 6], "1935": [0, 1, 7], "1938": [0, 1, 3], "1939": [0, 2, 2], "1942": [0, 1, 0], "1944": [0, 3, 1], "1945": [0, 2, 2], "1947": [0, 2, 0], "1948": [0, 4, 0], "1949": [0, 4, 1], "1950": [0, 2, 0], "1951": [0, 2, 2], "1952": [0, 1, 3], "1953": [0, 1, 3], "1955": [0, 1, 3], "1956": [0, 4, 3], "1957": [0, 4, 6], "1958": [0, 1, 1], "1960": [0, 3, 6], "1981": [0, 3, 8], "1982": [0, 3, 6], "1998": [0, 2, 8], "1836": [0, 0, 1], "1837": [0, 0, 1], "1842": [0, 0, 1], "1845": [0, 0, 1], "1847": [0, 0, 3], "1849": [0, 0, 1], "1854": [0, 0, 1], "1863": [0, 0, 1], "1869": [0, 0, 5], "1871": [0, 0, 2], "1876": [0, 0, 1], "1879": [0, 0, 2], "1880": [0, 0, 1], "1881": [0, 0, 1], "1883": [0, 0, 2], "1884": [0, 0, 2], "1886": [0, 0, 1], "1887": [0, 0, 3], "1888": [0, 0, 2], "1889": [0, 0, 1], "1890": [0, 0, 3], "1891": [0, 0, 2], "1892": [0, 0, 8], "1893": [0, 0, 1], "1894": [0, 0, 1], "1895": [0, 0, 7], "1896": [0, 0, 4], "1897": [0, 0, 4], "1898": [0, 0, 4], "1899": [0, 0, 3], "1900": [0, 0, 3], "1901": [0, 0, 4], "1902": [0, 0, 2], "1903": [0, 0, 4], "1904": [0, 0, 5], "1905": [0, 0, 7], "1906": [0, 0, 5], "1907": [0, 0, 4], "1908": [0, 0, 5], "1909": [0, 0, 6], "1911": [0, 0, 2], "1912": [0, 0, 11], "1913": [0, 0, 8], "1914": [0, 0, 6], "1916": [0, 0, 3], "1917": [0, 0, 3], "1919": [0, 0, 2], "1920": [0, 0, 1], "1921": [0, 0, 4], "1922": [0, 0, 1], "1923": [0, 0, 6], "1924": [0, 0, 8], "1927": [0, 0, 3], "1928": [0, 0, 4], "1930": [0, 0, 2], "1931": [0, 0, 5], "1936": [0, 0, 3], "1937": [0, 0, 10], "1940": [0, 0, 3], "1941": [0, 0, 4], "1943": [0, 0, 2], "1946": [0, 0, 3], "1954": [0, 0, 4], "1959": [0, 0, 4]}

target: abat

paperCount: 3843

{"2014": [1, 3, 12], "1989": [1, 5, 19], "1999": [1, 3, 15], "1996": [1, 4, 8], "1913": [0, 1, 21], "1914": [0, 1, 6], "1916": [0, 1, 16], "1920": [0, 1, 6], "1921": [0, 1, 11], "1926": [0, 1, 22], "1929": [0, 1, 19], "1930": [0, 1, 16], "1931": [0, 1, 22], "1933": [0, 1, 9], "1935": [0, 2, 16], "1936": [0, 2, 22], "1938": [0, 3, 4], "1939": [0, 3, 9], "1941": [0, 3, 10], "1946": [0, 2, 6], "1947": [0, 1, 7], "1948": [0, 2, 11], "1953": [0, 1, 11], "1954": [0, 1, 16], "1956": [0, 1, 15], "1957": [0, 2, 11], "1959": [0, 2, 20], "1960": [0, 1, 11], "1962": [0, 1, 12], "1964": [0, 1, 12], "1965": [0, 1, 12], "1966": [0, 1, 15], "1967": [0, 2, 12], "1968": [0, 1, 6], "1969": [0, 3, 4], "1970": [0, 2, 13], "1971": [0, 1, 9], "1972": [0, 1, 12], "1973": [0, 3, 12], "1974": [0, 1, 12], "1975": [0, 4, 12], "1976": [0, 1, 15], "1979": [0, 2, 16], "1980": [0, 2, 12], "1981": [0, 4, 11], "1982": [0, 9, 17], "1983": [0, 1, 9], "1984": [0, 1, 17], "1986": [0, 3, 15], "1987": [0, 2, 13], "1988": [0, 2, 14], "1990": [0, 6, 20], "1991": [0, 4, 10], "1992": [0, 3, 14], "1993": [0, 8, 14], "1994": [0, 5, 12], "1995": [0, 7, 6], "1997": [0, 9, 7], "1998": [0, 5, 24], "2000": [0, 2, 16], "2001": [0, 3, 14], "2002": [0, 3, 13], "2003": [0, 3, 16], "2004": [0, 4, 14], "2005": [0, 4, 17], "2006": [0, 5, 21], "2007": [0, 4, 12], "2008": [0, 2, 20], "2009": [0, 3, 15], "2010": [0, 6, 9], "2011": [0, 6, 21], "2013": [0, 3, 20], "2015": [0, 2, 18], "2016": [0, 3, 22], "2017": [0, 1, 23], "2018": [0, 1, 25], "2019": [0, 5, 34], "2020": [0, 2, 39], "2021": [0, 4, 24], "1812": [0, 0, 6], "1813": [0, 0, 11], "1814": [0, 0, 10], "1815": [0, 0, 14], "1816": [0, 0, 11], "1817": [0, 0, 5], "1818": [0, 0, 11], "1819": [0, 0, 11], "1820": [0, 0, 13], "1821": [0, 0, 8], "1823": [0, 0, 23], "1824": [0, 0, 23], "1825": [0, 0, 17], "1826": [0, 0, 11], "1827": [0, 0, 7], "1828": [0, 0, 23], "1829": [0, 0, 38], "1830": [0, 0, 12], "1831": [0, 0, 42], "1832": [0, 0, 43], "1833": [0, 0, 38], "1834": [0, 0, 33], "1835": [0, 0, 25], "1836": [0, 0, 26], "1837": [0, 0, 27], "1838": [0, 0, 16], "1839": [0, 0, 26], "1840": [0, 0, 22], "1841": [0, 0, 32], "1842": [0, 0, 20], "1843": [0, 0, 13], "1844": [0, 0, 25], "1845": [0, 0, 29], "1846": [0, 0, 31], "1847": [0, 0, 24], "1848": [0, 0, 33], "1849": [0, 0, 34], "1850": [0, 0, 17], "1851": [0, 0, 26], "1852": [0, 0, 28], "1853": [0, 0, 37], "1854": [0, 0, 20], "1855": [0, 0, 13], "1856": [0, 0, 28], "1857": [0, 0, 19], "1858": [0, 0, 19], "1859": [0, 0, 10], "1860": [0, 0, 14], "1861": [0, 0, 20], "1862": [0, 0, 6], "1863": [0, 0, 16], "1864": [0, 0, 9], "1865": [0, 0, 19], "1866": [0, 0, 15], "1867": [0, 0, 21], "1868": [0, 0, 15], "1869": [0, 0, 14], "1870": [0, 0, 20], "1871": [0, 0, 16], "1872": [0, 0, 9], "1873": [0, 0, 14], "1874": [0, 0, 21], "1875": [0, 0, 18], "1876": [0, 0, 16], "1877": [0, 0, 18], "1878": [0, 0, 26], "1879": [0, 0, 27], "1880": [0, 0, 17], "1881": [0, 0, 26], "1882": [0, 0, 31], "1883": [0, 0, 24], "1884": [0, 0, 28], "1885": [0, 0, 18], "1886": [0, 0, 19], "1887": [0, 0, 22], "1888": [0, 0, 19], "1889": [0, 0, 35], "1890": [0, 0, 24], "1891": [0, 0, 26], "1892": [0, 0, 23], "1893": [0, 0, 30], "1894": [0, 0, 21], "1895": [0, 0, 17], "1896": [0, 0, 10], "1897": [0, 0, 10], "1898": [0, 0, 14], "1899": [0, 0, 10], "1900": [0, 0, 26], "1901": [0, 0, 22], "1902": [0, 0, 23], "1903": [0, 0, 26], "1904": [0, 0, 23], "1905": [0, 0, 27], "1906": [0, 0, 18], "1907": [0, 0, 13], "1908": [0, 0, 22], "1909": [0, 0, 22], "1910": [0, 0, 29], "1911": [0, 0, 37], "1912": [0, 0, 25], "1915": [0, 0, 12], "1917": [0, 0, 7], "1918": [0, 0, 23], "1919": [0, 0, 13], "1922": [0, 0, 9], "1923": [0, 0, 10], "1924": [0, 0, 19], "1925": [0, 0, 20], "1927": [0, 0, 28], "1928": [0, 0, 24], "1932": [0, 0, 17], "1934": [0, 0, 11], "1937": [0, 0, 19], "1940": [0, 0, 18], "1942": [0, 0, 15], "1943": [0, 0, 4], "1944": [0, 0, 5], "1945": [0, 0, 4], "1949": [0, 0, 11], "1950": [0, 0, 5], "1951": [0, 0, 9], "1952": [0, 0, 10], "1955": [0, 0, 8], "1958": [0, 0, 6], "1961": [0, 0, 18], "1963": [0, 0, 10], "1977": [0, 0, 19], "1978": [0, 0, 12], "1985": [0, 0, 11], "2012": [0, 0, 15]}

target: hdc

paperCount: 823

{"2010": [27, 1, 2], "2019": [26, 1, 2], "1961": [2, 0, 0], "1987": [6, 1, 1], "1995": [12, 3, 3], "1991": [16, 1, 2], "1992": [13, 0, 2], "1993": [25, 0, 0], "1990": [5, 0, 1], "2007": [22, 1, 1], "2009": [21, 1, 0], "2008": [26, 2, 1], "1989": [6, 0, 0], "1988": [5, 0, 2], "2001": [17, 0, 0], "1985": [6, 0, 0], "2003": [16, 3, 0], "1997": [12, 2, 1], "2020": [42, 1, 0], "1996": [15, 0, 3], "2005": [23, 1, 2], "2014": [27, 1, 0], "2021": [26, 0, 0], "2004": [22, 1, 0], "1998": [11, 0, 4], "2011": [23, 1, 0], "2002": [10, 0, 0], "2013": [23, 2, 0], "1999": [17, 1, 4], "2000": [16, 1, 2], "2006": [27, 0, 1], "1981": [3, 0, 3], "1994": [11, 0, 1], "1978": [4, 0, 0], "1962": [2, 0, 0], "1973": [5, 0, 0], "1968": [3, 0, 0], "1982": [3, 0, 1], "1971": [2, 0, 0], "1974": [2, 0, 0], "1986": [3, 0, 1], "1967": [3, 0, 0], "2016": [33, 2, 0], "1979": [3, 0, 0], "1980": [1, 0, 0], "1976": [1, 0, 0], "1977": [2, 0, 0], "2015": [32, 1, 1], "2017": [22, 2, 1], "1984": [1, 0, 2], "2018": [29, 0, 1], "2012": [30, 0, 1], "1983": [0, 0, 7]}

target: mao

paperCount: 3496

{"2007": [33, 33, 7], "2006": [38, 33, 7], "2020": [127, 21, 38], "1998": [17, 18, 6], "2012": [51, 27, 14], "2000": [14, 17, 5], "2005": [41, 29, 11], "2013": [66, 14, 9], "2002": [20, 24, 8], "2015": [70, 11, 19], "2018": [91, 32, 38], "2016": [62, 25, 23], "2011": [51, 23, 8], "1995": [10, 27, 10], "1992": [20, 12, 5], "2010": [54, 30, 7], "2003": [25, 31, 12], "2014": [59, 15, 20], "2004": [37, 25, 14], "2008": [35, 23, 18], "2021": [104, 16, 22], "2009": [59, 24, 10], "1997": [12, 18, 6], "2001": [16, 29, 7], "1996": [12, 31, 11], "1999": [8, 21, 12], "2017": [80, 11, 15], "1984": [8, 7, 6], "1991": [16, 21, 6], "1988": [20, 21, 8], "1985": [15, 15, 7], "1989": [9, 18, 4], "1987": [4, 24, 5], "2019": [84, 36, 26], "1977": [11, 18, 1], "1990": [17, 9, 4], "1994": [10, 25, 6], "1986": [11, 10, 6], "1993": [17, 20, 11], "1978": [15, 12, 6], "1983": [9, 11, 13], "1962": [9, 14, 1], "1965": [10, 8, 6], "1971": [19, 23, 5], "1969": [13, 15, 3], "1975": [12, 10, 8], "1976": [4, 14, 5], "1968": [10, 18, 2], "1973": [10, 12, 4], "1966": [20, 16, 6], "1961": [5, 11, 5], "1974": [9, 14, 7], "1970": [7, 24, 4], "1972": [12, 14, 8], "1964": [5, 10, 8], "1963": [3, 14, 2], "1967": [11, 19, 1], "1980": [2, 19, 8], "1981": [4, 13, 9], "1982": [7, 20, 13], "1960": [1, 8, 2], "1979": [2, 15, 4], "1923": [0, 1, 0], "1931": [0, 1, 0], "1940": [0, 1, 0], "1941": [0, 1, 1], "1942": [0, 1, 0], "1954": [0, 1, 1], "1956": [0, 1, 2], "1957": [0, 2, 3], "1958": [0, 7, 2], "1959": [0, 6, 0], "1826": [0, 0, 1], "1829": [0, 0, 1], "1836": [0, 0, 2], "1840": [0, 0, 1], "1851": [0, 0, 1], "1856": [0, 0, 1], "1861": [0, 0, 1], "1869": [0, 0, 1], "1873": [0, 0, 1], "1874": [0, 0, 5], "1875": [0, 0, 1], "1885": [0, 0, 1], "1887": [0, 0, 1], "1888": [0, 0, 1], "1889": [0, 0, 2], "1890": [0, 0, 1], "1893": [0, 0, 1], "1894": [0, 0, 8], "1897": [0, 0, 1], "1898": [0, 0, 1], "1899": [0, 0, 2], "1901": [0, 0, 1], "1902": [0, 0, 1], "1905": [0, 0, 1], "1911": [0, 0, 1], "1912": [0, 0, 6], "1915": [0, 0, 1], "1916": [0, 0, 4], "1918": [0, 0, 3], "1921": [0, 0, 1], "1922": [0, 0, 1], "1932": [0, 0, 1], "1937": [0, 0, 1], "1943": [0, 0, 3], "1944": [0, 0, 2], "1945": [0, 0, 3], "1946": [0, 0, 1], "1948": [0, 0, 3], "1950": [0, 0, 1], "1955": [0, 0, 2]}

target: app

paperCount: 4943

{"2020": [61, 26, 199], "2007": [39, 34, 12], "2016": [50, 35, 110], "2013": [44, 26, 40], "2012": [74, 31, 41], "2009": [42, 19, 10], "2003": [27, 30, 21], "2010": [45, 28, 20], "2019": [40, 25, 131], "2005": [32, 26, 13], "2014": [56, 25, 58], "2011": [36, 22, 32], "2000": [20, 18, 14], "2015": [50, 15, 58], "2017": [52, 25, 97], "1998": [18, 16, 11], "2018": [53, 31, 120], "2021": [48, 26, 147], "1996": [13, 60, 12], "2006": [34, 28, 18], "2002": [21, 35, 19], "2001": [20, 19, 12], "2008": [48, 24, 17], "1997": [18, 23, 8], "2004": [21, 29, 20], "1971": [16, 17, 3], "1995": [22, 69, 10], "1999": [25, 24, 7], "1980": [8, 30, 4], "1993": [15, 65, 13], "1981": [11, 26, 13], "1962": [2, 4, 2], "1994": [16, 78, 5], "1992": [20, 58, 15], "1991": [17, 42, 14], "1988": [5, 86, 1], "1985": [9, 49, 6], "1989": [16, 51, 3], "1984": [7, 52, 7], "1974": [1, 13, 9], "1972": [16, 9, 1], "1982": [6, 33, 5], "1983": [5, 38, 9], "1986": [9, 42, 7], "1978": [5, 19, 2], "1990": [14, 52, 5], "1967": [5, 4, 0], "1979": [2, 26, 2], "1976": [1, 13, 6], "1987": [5, 76, 4], "1973": [2, 9, 4], "1977": [1, 8, 6], "1970": [1, 14, 4], "1969": [1, 6, 2], "1963": [2, 3, 1], "1918": [0, 1, 2], "1927": [0, 1, 6], "1931": [0, 1, 2], "1932": [0, 1, 6], "1936": [0, 1, 4], "1942": [0, 2, 1], "1943": [0, 1, 1], "1944": [0, 3, 2], "1945": [0, 1, 2], "1947": [0, 3, 1], "1948": [0, 1, 4], "1949": [0, 1, 1], "1951": [0, 3, 6], "1952": [0, 3, 3], "1953": [0, 2, 1], "1954": [0, 1, 6], "1955": [0, 2, 3], "1956": [0, 1, 5], "1957": [0, 1, 1], "1958": [0, 6, 3], "1959": [0, 3, 7], "1960": [0, 3, 12], "1961": [0, 5, 1], "1964": [0, 2, 4], "1965": [0, 2, 3], "1966": [0, 5, 8], "1968": [0, 6, 2], "1975": [0, 16, 1], "1812": [0, 0, 1], "1818": [0, 0, 1], "1820": [0, 0, 2], "1824": [0, 0, 3], "1825": [0, 0, 4], "1826": [0, 0, 9], "1829": [0, 0, 2], "1830": [0, 0, 7], "1831": [0, 0, 3], "1832": [0, 0, 5], "1833": [0, 0, 6], "1834": [0, 0, 3], "1835": [0, 0, 4], "1836": [0, 0, 4], "1837": [0, 0, 5], "1838": [0, 0, 5], "1840": [0, 0, 3], "1842": [0, 0, 6], "1843": [0, 0, 4], "1844": [0, 0, 6], "1845": [0, 0, 7], "1846": [0, 0, 8], "1847": [0, 0, 3], "1848": [0, 0, 2], "1849": [0, 0, 1], "1850": [0, 0, 1], "1851": [0, 0, 2], "1852": [0, 0, 3], "1854": [0, 0, 2], "1855": [0, 0, 2], "1856": [0, 0, 2], "1860": [0, 0, 2], "1862": [0, 0, 3], "1863": [0, 0, 6], "1864": [0, 0, 2], "1866": [0, 0, 1], "1867": [0, 0, 5], "1868": [0, 0, 8], "1869": [0, 0, 2], "1870": [0, 0, 7], "1871": [0, 0, 4], "1872": [0, 0, 6], "1873": [0, 0, 1], "1874": [0, 0, 2], "1876": [0, 0, 2], "1877": [0, 0, 3], "1879": [0, 0, 1], "1880": [0, 0, 2], "1881": [0, 0, 3], "1882": [0, 0, 2], "1883": [0, 0, 6], "1884": [0, 0, 3], "1886": [0, 0, 1], "1889": [0, 0, 2], "1890": [0, 0, 1], "1891": [0, 0, 3], "1892": [0, 0, 1], "1893": [0, 0, 5], "1894": [0, 0, 2], "1895": [0, 0, 2], "1896": [0, 0, 1], "1897": [0, 0, 6], "1898": [0, 0, 6], "1899": [0, 0, 5], "1900": [0, 0, 4], "1901": [0, 0, 7], "1902": [0, 0, 4], "1903": [0, 0, 7], "1904": [0, 0, 10], "1905": [0, 0, 6], "1906": [0, 0, 5], "1907": [0, 0, 4], "1908": [0, 0, 2], "1909": [0, 0, 4], "1910": [0, 0, 12], "1911": [0, 0, 4], "1912": [0, 0, 4], "1915": [0, 0, 7], "1916": [0, 0, 8], "1917": [0, 0, 10], "1919": [0, 0, 3], "1920": [0, 0, 2], "1921": [0, 0, 5], "1922": [0, 0, 1], "1923": [0, 0, 4], "1924": [0, 0, 6], "1925": [0, 0, 38], "1926": [0, 0, 10], "1928": [0, 0, 1], "1929": [0, 0, 3], "1930": [0, 0, 3], "1933": [0, 0, 5], "1934": [0, 0, 7], "1935": [0, 0, 10], "1937": [0, 0, 1], "1938": [0, 0, 1], "1939": [0, 0, 6], "1940": [0, 0, 4], "1941": [0, 0, 3], "1946": [0, 0, 2], "1950": [0, 0, 3]}

target: bace

paperCount: 303

{"2003": [4, 1, 2], "2006": [7, 5, 0], "2008": [6, 4, 1], "2007": [11, 6, 0], "2010": [7, 7, 1], "2017": [7, 4, 3], "2012": [20, 6, 0], "2009": [9, 2, 0], "2015": [10, 1, 1], "2021": [6, 1, 2], "2005": [6, 3, 0], "2016": [12, 2, 0], "2004": [4, 2, 3], "2018": [15, 7, 3], "2011": [11, 3, 2], "2001": [3, 0, 1], "2014": [15, 7, 2], "2019": [12, 6, 5], "2020": [11, 3, 1], "2013": [7, 2, 1], "1970": [1, 0, 0], "1965": [1, 1, 0], "1971": [0, 1, 0], "1998": [0, 1, 0], "2002": [0, 2, 2], "1868": [0, 0, 3], "1894": [0, 0, 1], "1900": [0, 0, 2], "1920": [0, 0, 1], "1923": [0, 0, 1], "1983": [0, 0, 2], "1993": [0, 0, 1]}

target: prep

paperCount: 3377

{"2012": [51, 7, 30], "2013": [64, 5, 10], "2014": [59, 4, 39], "1997": [24, 10, 2], "2011": [36, 8, 17], "2007": [28, 10, 11], "2017": [85, 9, 56], "2006": [23, 9, 9], "2019": [85, 14, 104], "2000": [25, 6, 6], "2003": [20, 9, 3], "2021": [74, 6, 76], "2010": [51, 4, 20], "2015": [71, 12, 36], "2018": [81, 12, 77], "2020": [116, 5, 91], "1972": [46, 5, 5], "2016": [71, 15, 75], "1990": [44, 20, 1], "2002": [20, 11, 12], "2004": [26, 7, 6], "1971": [52, 10, 2], "1992": [61, 13, 5], "1981": [20, 5, 2], "1988": [28, 17, 1], "2009": [30, 12, 9], "1978": [4, 4, 27], "1979": [18, 5, 26], "1984": [23, 7, 2], "1983": [19, 8, 0], "1982": [15, 7, 1], "1995": [24, 23, 1], "1994": [35, 7, 3], "1986": [30, 12, 4], "2008": [29, 10, 10], "1989": [24, 13, 1], "1996": [31, 18, 1], "2001": [14, 12, 7], "2005": [26, 18, 6], "1993": [31, 15, 3], "1974": [6, 5, 1], "1987": [28, 19, 1], "1991": [40, 12, 1], "1963": [1, 3, 1], "1985": [25, 12, 2], "1973": [4, 3, 2], "1975": [9, 5, 6], "1999": [19, 10, 17], "1998": [25, 10, 5], "1977": [4, 5, 22], "1967": [1, 2, 1], "1980": [12, 5, 15], "1961": [1, 5, 0], "1968": [1, 4, 2], "1969": [3, 1, 3], "1964": [1, 1, 2], "1962": [2, 3, 0], "1909": [0, 1, 1], "1915": [0, 1, 1], "1917": [0, 1, 0], "1918": [0, 3, 0], "1920": [0, 1, 0], "1930": [0, 3, 1], "1933": [0, 2, 0], "1934": [0, 1, 0], "1935": [0, 1, 0], "1936": [0, 1, 1], "1939": [0, 1, 2], "1942": [0, 1, 2], "1943": [0, 2, 5], "1948": [0, 2, 2], "1949": [0, 2, 2], "1951": [0, 1, 1], "1953": [0, 1, 1], "1954": [0, 1, 3], "1955": [0, 2, 5], "1957": [0, 1, 5], "1959": [0, 3, 3], "1960": [0, 1, 3], "1965": [0, 3, 0], "1966": [0, 12, 0], "1970": [0, 10, 1], "1976": [0, 1, 16], "1824": [0, 0, 1], "1825": [0, 0, 1], "1827": [0, 0, 1], "1829": [0, 0, 1], "1834": [0, 0, 1], "1837": [0, 0, 1], "1841": [0, 0, 1], "1844": [0, 0, 1], "1847": [0, 0, 1], "1851": [0, 0, 1], "1853": [0, 0, 1], "1854": [0, 0, 1], "1856": [0, 0, 1], "1859": [0, 0, 1], "1862": [0, 0, 1], "1863": [0, 0, 1], "1864": [0, 0, 2], "1867": [0, 0, 1], "1870": [0, 0, 1], "1871": [0, 0, 1], "1877": [0, 0, 1], "1883": [0, 0, 1], "1884": [0, 0, 1], "1888": [0, 0, 1], "1889": [0, 0, 2], "1891": [0, 0, 1], "1898": [0, 0, 1], "1899": [0, 0, 1], "1901": [0, 0, 1], "1902": [0, 0, 1], "1904": [0, 0, 2], "1905": [0, 0, 2], "1907": [0, 0, 2], "1910": [0, 0, 2], "1912": [0, 0, 1], "1913": [0, 0, 1], "1914": [0, 0, 1], "1919": [0, 0, 1], "1922": [0, 0, 1], "1923": [0, 0, 3], "1925": [0, 0, 1], "1926": [0, 0, 1], "1927": [0, 0, 2], "1931": [0, 0, 1], "1937": [0, 0, 1], "1938": [0, 0, 1], "1940": [0, 0, 2], "1941": [0, 0, 3], "1944": [0, 0, 2], "1945": [0, 0, 2], "1946": [0, 0, 2], "1947": [0, 0, 2], "1950": [0, 0, 6], "1952": [0, 0, 3], "1956": [0, 0, 1], "1958": [0, 0, 2]}

target: fap

paperCount: 566

{"2014": [15, 4, 2], "1999": [12, 1, 2], "2010": [10, 0, 2], "2013": [15, 3, 1], "2008": [7, 2, 4], "2005": [8, 2, 2], "2021": [13, 10, 7], "2017": [4, 5, 5], "2019": [11, 5, 6], "2012": [16, 6, 2], "2011": [13, 0, 2], "2006": [6, 1, 4], "2015": [11, 6, 1], "2018": [14, 3, 5], "2000": [8, 0, 5], "2007": [9, 1, 1], "2001": [4, 0, 4], "2004": [11, 2, 2], "2020": [11, 6, 13], "2009": [5, 1, 1], "2003": [9, 1, 4], "2016": [11, 4, 8], "1996": [5, 0, 4], "2002": [9, 2, 5], "1997": [3, 3, 7], "1980": [2, 0, 0], "1968": [1, 0, 1], "1978": [5, 0, 0], "1977": [4, 0, 2], "1987": [2, 1, 2], "1984": [2, 0, 2], "1986": [4, 0, 1], "1990": [3, 1, 1], "1998": [7, 0, 3], "1982": [4, 0, 2], "1988": [3, 1, 2], "1979": [1, 1, 1], "1974": [1, 0, 2], "1995": [4, 1, 5], "1989": [3, 0, 7], "1992": [1, 1, 8], "1994": [3, 0, 7], "1993": [2, 0, 12], "1983": [0, 1, 0], "1985": [0, 1, 2], "1991": [0, 1, 5], "1896": [0, 0, 1], "1927": [0, 0, 1], "1933": [0, 0, 2], "1935": [0, 0, 3], "1940": [0, 0, 1], "1941": [0, 0, 2], "1942": [0, 0, 1], "1944": [0, 0, 1], "1947": [0, 0, 1], "1949": [0, 0, 1], "1950": [0, 0, 1], "1951": [0, 0, 1], "1955": [0, 0, 1], "1956": [0, 0, 5], "1958": [0, 0, 1], "1959": [0, 0, 2], "1961": [0, 0, 1], "1963": [0, 0, 1], "1964": [0, 0, 1], "1965": [0, 0, 1], "1966": [0, 0, 1], "1970": [0, 0, 1], "1972": [0, 0, 1], "1981": [0, 0, 1]}

